#	alphatic	aromatic	postivecharge	negativecharge	uncharge
tr|A0A0X8BZN2|A0A0X8BZN2_9FLAO	0.3640661938534279	0.1276595744680851	0.14184397163120568	0.1182033096926714	0.24822695035460993
tr|A0A0X8C0P3|A0A0X8C0P3_9FLAO	0.3631123919308357	0.08069164265129683	0.1585014409221902	0.13256484149855907	0.26512968299711814
tr|A0A0X8C100|A0A0X8C100_9FLAO	0.4316109422492401	0.0668693009118541	0.13069908814589665	0.1276595744680851	0.24316109422492402
tr|A0A0X8C1D4|A0A0X8C1D4_9FLAO	0.40782122905027934	0.07262569832402235	0.14152700186219738	0.13221601489757914	0.24581005586592178
tr|A0A0X8C2I4|A0A0X8C2I4_9FLAO	0.4393939393939394	0.06277056277056277	0.1277056277056277	0.12554112554112554	0.24458874458874458
tr|A0A0X8C487|A0A0X8C487_9FLAO	0.3868312757201646	0.07818930041152264	0.13991769547325103	0.11728395061728394	0.2777777777777778
tr|A0A0X8C7X9|A0A0X8C7X9_9FLAO	0.38219895287958117	0.08900523560209424	0.13612565445026178	0.1518324607329843	0.24083769633507854
tr|A0A109Q5H7|A0A109Q5H7_9FLAO	0.43532338308457713	0.06965174129353234	0.1318407960199005	0.1044776119402985	0.25870646766169153
tr|A0A0X8BYT7|A0A0X8BYT7_9FLAO	0.3675832127351664	0.09840810419681621	0.13314037626628075	0.14182344428364688	0.2590448625180897
tr|A0A0X8BYW9|A0A0X8BYW9_9FLAO	0.43373493975903615	0.04819277108433735	0.14457831325301204	0.1746987951807229	0.19879518072289157
tr|A0A0X8BZ64|A0A0X8BZ64_9FLAO	0.3346774193548387	0.13306451612903225	0.2056451612903226	0.13306451612903225	0.1935483870967742
tr|A0A0X8BZ81|A0A0X8BZ81_9FLAO	0.40641711229946526	0.0962566844919786	0.15508021390374332	0.10695187165775401	0.23529411764705882
tr|A0A0X8BZ89|A0A0X8BZ89_9FLAO	0.32301480484522205	0.09757738896366083	0.20121130551816957	0.14468371467025573	0.2335127860026918
tr|A0A0X8BZ98|A0A0X8BZ98_9FLAO	0.33687943262411346	0.11347517730496454	0.1276595744680851	0.13120567375886524	0.2907801418439716
tr|A0A0X8BZD2|A0A0X8BZD2_9FLAO	0.4207650273224044	0.09289617486338798	0.1092896174863388	0.1092896174863388	0.2677595628415301
tr|A0A0X8BZE7|A0A0X8BZE7_9FLAO	0.5381263616557734	0.13507625272331156	0.06535947712418301	0.034858387799564274	0.22657952069716775
tr|A0A0X8BZJ9|A0A0X8BZJ9_9FLAO	0.38613861386138615	0.07524752475247524	0.1306930693069307	0.1405940594059406	0.26732673267326734
tr|A0A0X8BZM1|A0A0X8BZM1_9FLAO	0.4034229828850856	0.07334963325183375	0.11491442542787286	0.10757946210268948	0.30073349633251834
tr|A0A0X8BZN4|A0A0X8BZN4_9FLAO	0.36666666666666664	0.10476190476190476	0.14285714285714285	0.11428571428571428	0.2714285714285714
tr|A0A0X8BZS6|A0A0X8BZS6_9FLAO	0.41365461847389556	0.07228915662650602	0.11244979919678715	0.12048192771084337	0.28112449799196787
tr|A0A0X8BZT1|A0A0X8BZT1_9FLAO	0.4056761268781302	0.06343906510851419	0.14023372287145242	0.15191986644407346	0.2387312186978297
tr|A0A0X8BZT2|A0A0X8BZT2_9FLAO	0.3672055427251732	0.08775981524249422	0.14318706697459585	0.16859122401847576	0.23325635103926096
tr|A0A0X8C081|A0A0X8C081_9FLAO	0.40425531914893614	0.11583924349881797	0.12056737588652482	0.10874704491725769	0.25059101654846333
tr|A0A0X8C092|A0A0X8C092_9FLAO	0.29545454545454547	0.10795454545454546	0.1590909090909091	0.1590909090909091	0.2784090909090909
tr|A0A0X8C0A8|A0A0X8C0A8_9FLAO	0.40969162995594716	0.06167400881057269	0.15418502202643172	0.1145374449339207	0.2599118942731278
tr|A0A0X8C0C1|A0A0X8C0C1_9FLAO	0.4574898785425101	0.09615384615384616	0.11336032388663968	0.10121457489878542	0.23178137651821862
tr|A0A0X8C0C3|A0A0X8C0C3_9FLAO	0.40092879256965946	0.07585139318885449	0.15479876160990713	0.15015479876160992	0.21826625386996903
tr|A0A0X8C0C9|A0A0X8C0C9_9FLAO	0.43103448275862066	0.05172413793103448	0.12931034482758622	0.13793103448275862	0.25
tr|A0A0X8C0F1|A0A0X8C0F1_9FLAO	0.36228571428571427	0.10971428571428571	0.14514285714285713	0.15771428571428572	0.22514285714285714
tr|A0A0X8C0F6|A0A0X8C0F6_9FLAO	0.46476190476190476	0.06095238095238095	0.12	0.12571428571428572	0.22857142857142856
tr|A0A0X8C0L2|A0A0X8C0L2_9FLAO	0.49361702127659574	0.06382978723404255	0.13191489361702127	0.13191489361702127	0.17872340425531916
tr|A0A0X8C0Q4|A0A0X8C0Q4_9FLAO	0.4097560975609756	0.06341463414634146	0.14146341463414633	0.12682926829268293	0.25853658536585367
tr|A0A0X8C0X2|A0A0X8C0X2_9FLAO	0.3721973094170404	0.07174887892376682	0.15695067264573992	0.13901345291479822	0.2600896860986547
tr|A0A0X8C0X6|A0A0X8C0X6_9FLAO	0.4196675900277008	0.060941828254847646	0.1371191135734072	0.15650969529085873	0.2257617728531856
tr|A0A0X8C0Y8|A0A0X8C0Y8_9FLAO	0.39805825242718446	0.07766990291262135	0.1407766990291262	0.15048543689320387	0.23300970873786409
tr|A0A0X8C0Z3|A0A0X8C0Z3_9FLAO	0.39803439803439805	0.09090909090909091	0.1339066339066339	0.11302211302211303	0.2641277641277641
tr|A0A0X8C0Z5|A0A0X8C0Z5_9FLAO	0.45955882352941174	0.0661764705882353	0.14338235294117646	0.125	0.20588235294117646
tr|A0A0X8C105|A0A0X8C105_9FLAO	0.3717791411042945	0.10184049079754601	0.1521472392638037	0.11533742331288344	0.2588957055214724
tr|A0A0X8C127|A0A0X8C127_9FLAO	0.3961038961038961	0.09740259740259741	0.14935064935064934	0.14935064935064934	0.2077922077922078
tr|A0A0X8C153|A0A0X8C153_9FLAO	0.4760705289672544	0.0654911838790932	0.12090680100755667	0.1385390428211587	0.19899244332493704
tr|A0A0X8C156|A0A0X8C156_9FLAO	0.42424242424242425	0.08333333333333333	0.12373737373737374	0.13383838383838384	0.23484848484848486
tr|A0A0X8C181|A0A0X8C181_9FLAO	0.416403785488959	0.07255520504731862	0.14826498422712933	0.15457413249211358	0.2082018927444795
tr|A0A0X8C189|A0A0X8C189_9FLAO	0.3962765957446808	0.10372340425531915	0.15159574468085107	0.1196808510638298	0.22872340425531915
tr|A0A0X8C1B6|A0A0X8C1B6_9FLAO	0.4350132625994695	0.05305039787798409	0.13527851458885942	0.13793103448275862	0.23872679045092837
tr|A0A0X8C1B9|A0A0X8C1B9_9FLAO	0.43389830508474575	0.04745762711864407	0.1423728813559322	0.12542372881355932	0.25084745762711863
tr|A0A0X8C1K8|A0A0X8C1K8_9FLAO	0.3767857142857143	0.07321428571428572	0.16339285714285715	0.16339285714285715	0.22321428571428573
tr|A0A0X8C1L2|A0A0X8C1L2_9FLAO	0.3719512195121951	0.11585365853658537	0.11585365853658537	0.13414634146341464	0.2621951219512195
tr|A0A0X8C1N9|A0A0X8C1N9_9FLAO	0.37772397094430993	0.08958837772397095	0.14769975786924938	0.13559322033898305	0.24939467312348668
tr|A0A0X8C1T5|A0A0X8C1T5_9FLAO	0.375	0.08928571428571429	0.14285714285714285	0.1488095238095238	0.24404761904761904
tr|A0A0X8C1T6|A0A0X8C1T6_9FLAO	0.3721590909090909	0.10227272727272728	0.16193181818181818	0.13494318181818182	0.22869318181818182
tr|A0A0X8C1V4|A0A0X8C1V4_9FLAO	0.37655172413793103	0.10206896551724139	0.14344827586206896	0.15172413793103448	0.22620689655172413
tr|A0A0X8C1W6|A0A0X8C1W6_9FLAO	0.44984802431610943	0.060790273556231005	0.13677811550151975	0.13677811550151975	0.21580547112462006
tr|A0A0X8C1W8|A0A0X8C1W8_9FLAO	0.46788990825688076	0.06422018348623854	0.12614678899082568	0.10779816513761468	0.23394495412844038
tr|A0A0X8C232|A0A0X8C232_9FLAO	0.45093457943925236	0.09345794392523364	0.10981308411214953	0.11448598130841121	0.23130841121495327
tr|A0A0X8C256|A0A0X8C256_9FLAO	0.4339622641509434	0.07277628032345014	0.1320754716981132	0.13746630727762804	0.22371967654986524
tr|A0A0X8C261|A0A0X8C261_9FLAO	0.35275080906148865	0.11326860841423948	0.1262135922330097	0.12944983818770225	0.2783171521035599
tr|A0A0X8C294|A0A0X8C294_9FLAO	0.3940149625935162	0.09725685785536159	0.1371571072319202	0.10972568578553615	0.26184538653366585
tr|A0A0X8C2B7|A0A0X8C2B7_9FLAO	0.3892068683565004	0.08585445625511039	0.11774325429272281	0.12837285363859363	0.2788225674570728
tr|A0A0X8C2M1|A0A0X8C2M1_9FLAO	0.506896551724138	0.04827586206896552	0.11724137931034483	0.11724137931034483	0.2103448275862069
tr|A0A0X8C2M4|A0A0X8C2M4_9FLAO	0.37894736842105264	0.08421052631578947	0.14210526315789473	0.1631578947368421	0.23157894736842105
tr|A0A0X8C2R6|A0A0X8C2R6_9FLAO	0.3609112709832134	0.07793764988009592	0.16906474820143885	0.15227817745803357	0.23980815347721823
tr|A0A0X8C2S0|A0A0X8C2S0_9FLAO	0.34782608695652173	0.07453416149068323	0.14699792960662525	0.15320910973084886	0.2774327122153209
tr|A0A0X8C2S3|A0A0X8C2S3_9FLAO	0.40582959641255606	0.10089686098654709	0.13452914798206278	0.1210762331838565	0.23766816143497757
tr|A0A0X8C2S6|A0A0X8C2S6_9FLAO	0.39954853273137697	0.09029345372460497	0.13769751693002258	0.13544018058690746	0.23702031602708803
tr|A0A0X8C2T1|A0A0X8C2T1_9FLAO	0.49877750611246946	0.1271393643031785	0.10513447432762836	0.07090464547677261	0.1980440097799511
tr|A0A0X8C2T6|A0A0X8C2T6_9FLAO	0.4301369863013699	0.07945205479452055	0.13972602739726028	0.09863013698630137	0.25205479452054796
tr|A0A0X8C2T9|A0A0X8C2T9_9FLAO	0.4328767123287671	0.09041095890410959	0.13150684931506848	0.12602739726027398	0.2191780821917808
tr|A0A0X8C2W6|A0A0X8C2W6_9FLAO	0.3613138686131387	0.11313868613138686	0.13503649635036497	0.11678832116788321	0.2737226277372263
tr|A0A0X8C2Y8|A0A0X8C2Y8_9FLAO	0.4153846153846154	0.09230769230769231	0.12307692307692308	0.12307692307692308	0.24615384615384617
tr|A0A0X8C320|A0A0X8C320_9FLAO	0.3972602739726027	0.0776255707762557	0.1598173515981735	0.1278538812785388	0.2374429223744292
tr|A0A0X8C321|A0A0X8C321_9FLAO	0.3741496598639456	0.08163265306122448	0.10884353741496598	0.11224489795918367	0.3231292517006803
tr|A0A0X8C338|A0A0X8C338_9FLAO	0.4198047419804742	0.058577405857740586	0.14504881450488144	0.1387726638772664	0.2377963737796374
tr|A0A0X8C365|A0A0X8C365_9FLAO	0.37656427758816835	0.08873720136518772	0.13879408418657566	0.15358361774744028	0.24232081911262798
tr|A0A0X8C370|A0A0X8C370_9FLAO	0.426890756302521	0.08739495798319327	0.1411764705882353	0.1226890756302521	0.2218487394957983
tr|A0A0X8C380|A0A0X8C380_9FLAO	0.33766233766233766	0.11363636363636363	0.1461038961038961	0.1396103896103896	0.262987012987013
tr|A0A0X8C3D8|A0A0X8C3D8_9FLAO	0.38405797101449274	0.11594202898550725	0.12318840579710146	0.12318840579710146	0.2536231884057971
tr|A0A0X8C3F8|A0A0X8C3F8_9FLAO	0.36009174311926606	0.06880733944954129	0.1536697247706422	0.13761467889908258	0.2798165137614679
tr|A0A0X8C3P7|A0A0X8C3P7_9FLAO	0.4238095238095238	0.07142857142857142	0.12380952380952381	0.10476190476190476	0.2761904761904762
tr|A0A0X8C3Q3|A0A0X8C3Q3_9FLAO	0.4433249370277078	0.08060453400503778	0.1385390428211587	0.13602015113350127	0.20151133501259447
tr|A0A0X8C3R9|A0A0X8C3R9_9FLAO	0.3841059602649007	0.08278145695364239	0.14072847682119205	0.14403973509933773	0.24834437086092714
tr|A0A0X8C3U5|A0A0X8C3U5_9FLAO	0.3116883116883117	0.12987012987012986	0.12987012987012986	0.11688311688311688	0.3116883116883117
tr|A0A0X8C400|A0A0X8C400_9FLAO	0.3922413793103448	0.10775862068965517	0.15517241379310345	0.1336206896551724	0.21120689655172414
tr|A0A0X8C422|A0A0X8C422_9FLAO	0.40391459074733094	0.09786476868327403	0.1494661921708185	0.12099644128113879	0.2277580071174377
tr|A0A0X8C424|A0A0X8C424_9FLAO	0.41312741312741313	0.07335907335907337	0.12355212355212356	0.10424710424710425	0.2857142857142857
tr|A0A0X8C433|A0A0X8C433_9FLAO	0.4915254237288136	0.1423728813559322	0.07457627118644068	0.0576271186440678	0.23389830508474577
tr|A0A0X8C438|A0A0X8C438_9FLAO	0.38961038961038963	0.08571428571428572	0.12727272727272726	0.14805194805194805	0.24935064935064935
tr|A0A0X8C439|A0A0X8C439_9FLAO	0.4154929577464789	0.08450704225352113	0.14788732394366197	0.1267605633802817	0.22535211267605634
tr|A0A0X8C463|A0A0X8C463_9FLAO	0.366	0.112	0.146	0.15	0.226
tr|A0A0X8C490|A0A0X8C490_9FLAO	0.38333333333333336	0.05555555555555555	0.12222222222222222	0.13333333333333333	0.3055555555555556
tr|A0A0X8C4B6|A0A0X8C4B6_9FLAO	0.4294117647058823	0.061764705882352944	0.12352941176470589	0.1323529411764706	0.2529411764705882
tr|A0A0X8C4C4|A0A0X8C4C4_9FLAO	0.3590733590733591	0.10810810810810811	0.15057915057915058	0.13513513513513514	0.2471042471042471
tr|A0A0X8C4R1|A0A0X8C4R1_9FLAO	0.4474708171206226	0.05058365758754864	0.13618677042801555	0.12062256809338522	0.245136186770428
tr|A0A0X8C4V1|A0A0X8C4V1_9FLAO	0.42	0.05333333333333334	0.12	0.14	0.26666666666666666
tr|A0A0X8C4Y2|A0A0X8C4Y2_9FLAO	0.39436619718309857	0.10985915492957747	0.11549295774647887	0.11267605633802817	0.2676056338028169
tr|A0A0X8C519|A0A0X8C519_9FLAO	0.4880952380952381	0.051587301587301584	0.0992063492063492	0.11904761904761904	0.24206349206349206
tr|A0A0X8C584|A0A0X8C584_9FLAO	0.3376865671641791	0.12686567164179105	0.12313432835820895	0.11380597014925373	0.29850746268656714
tr|A0A0X8C5E1|A0A0X8C5E1_9FLAO	0.41037735849056606	0.08962264150943396	0.13443396226415094	0.13443396226415094	0.23113207547169812
tr|A0A0X8C6Z3|A0A0X8C6Z3_9FLAO	0.44339622641509435	0.07547169811320754	0.11556603773584906	0.12971698113207547	0.2358490566037736
tr|A0A0X8C7B6|A0A0X8C7B6_9FLAO	0.3654970760233918	0.11988304093567251	0.18421052631578946	0.1111111111111111	0.21929824561403508
tr|A0A0X8C887|A0A0X8C887_9FLAO	0.3798219584569733	0.08605341246290801	0.142433234421365	0.12166172106824925	0.27002967359050445
tr|A0A0X8C8M6|A0A0X8C8M6_9FLAO	0.39636913767019666	0.09379727685325265	0.12859304084720122	0.11800302571860817	0.2632375189107413
tr|A0A0X8C906|A0A0X8C906_9FLAO	0.46403712296983757	0.06264501160092807	0.10672853828306264	0.12993039443155452	0.23665893271461716
tr|A0A0X8C9A3|A0A0X8C9A3_9FLAO	0.4972375690607735	0.03130755064456722	0.1252302025782689	0.15653775322283608	0.18968692449355432
tr|A0A0X8C9R2|A0A0X8C9R2_9FLAO	0.34539473684210525	0.08881578947368421	0.15460526315789475	0.12828947368421054	0.28289473684210525
tr|A0A0X8CAF2|A0A0X8CAF2_9FLAO	0.41853932584269665	0.09550561797752809	0.1151685393258427	0.10955056179775281	0.2612359550561798
tr|A0A0X8CAH9|A0A0X8CAH9_9FLAO	0.4161849710982659	0.08092485549132948	0.1676300578034682	0.13872832369942195	0.19653179190751446
tr|A0A109PXD1|A0A109PXD1_9FLAO	0.37593984962406013	0.08421052631578947	0.13533834586466165	0.1443609022556391	0.26015037593984963
tr|A0A109PXE0|A0A109PXE0_9FLAO	0.4775510204081633	0.044897959183673466	0.12653061224489795	0.11632653061224489	0.23469387755102042
tr|A0A109PXE9|A0A109PXE9_9FLAO	0.4092219020172911	0.08645533141210375	0.14985590778097982	0.11527377521613832	0.23919308357348704
tr|A0A109PXK6|A0A109PXK6_9FLAO	0.35444947209653094	0.09049773755656108	0.1478129713423831	0.15233785822021115	0.2549019607843137
tr|A0A109PXM3|A0A109PXM3_9FLAO	0.39792387543252594	0.10726643598615918	0.1384083044982699	0.1522491349480969	0.2041522491349481
tr|A0A109PXQ5|A0A109PXQ5_9FLAO	0.41106719367588934	0.07707509881422925	0.13438735177865613	0.13438735177865613	0.24308300395256918
tr|A0A109PZY2|A0A109PZY2_9FLAO	0.3689655172413793	0.06551724137931035	0.17586206896551723	0.13448275862068965	0.25517241379310346
tr|A0A109Q002|A0A109Q002_9FLAO	0.39690721649484534	0.07731958762886598	0.14948453608247422	0.08762886597938144	0.28865979381443296
tr|A0A109Q050|A0A109Q050_9FLAO	0.3364485981308411	0.12149532710280374	0.1588785046728972	0.14953271028037382	0.2336448598130841
tr|A0A109Q088|A0A109Q088_9FLAO	0.40772532188841204	0.08583690987124463	0.13304721030042918	0.11158798283261803	0.26180257510729615
tr|A0A109Q0B3|A0A109Q0B3_9FLAO	0.36716417910447763	0.08059701492537313	0.1582089552238806	0.10149253731343283	0.29253731343283584
tr|A0A109Q0N7|A0A109Q0N7_9FLAO	0.4024896265560166	0.07053941908713693	0.12033195020746888	0.12863070539419086	0.27800829875518673
tr|A0A109Q0T4|A0A109Q0T4_9FLAO	0.4233576642335766	0.072992700729927	0.14233576642335766	0.13503649635036497	0.22627737226277372
tr|A0A109Q0W8|A0A109Q0W8_9FLAO	0.3238434163701068	0.10498220640569395	0.1619217081850534	0.1601423487544484	0.2491103202846975
tr|A0A109Q1I1|A0A109Q1I1_9FLAO	0.3277027027027027	0.06418918918918919	0.16216216216216217	0.16216216216216217	0.28378378378378377
tr|A0A109Q1I9|A0A109Q1I9_9FLAO	0.466786355475763	0.06104129263913824	0.11490125673249552	0.10233393177737882	0.25493716337522443
tr|A0A109Q1S0|A0A109Q1S0_9FLAO	0.45077720207253885	0.05181347150259067	0.13471502590673576	0.11917098445595854	0.24352331606217617
tr|A0A109Q1X3|A0A109Q1X3_9FLAO	0.37349397590361444	0.1285140562248996	0.17269076305220885	0.0642570281124498	0.26104417670682734
tr|A0A109Q242|A0A109Q242_9FLAO	0.4046875	0.0890625	0.15	0.1484375	0.2078125
tr|A0A109Q4V7|A0A109Q4V7_9FLAO	0.46520874751491054	0.061630218687872766	0.11133200795228629	0.13717693836978131	0.22465208747514911
tr|A0A109Q5A2|A0A109Q5A2_9FLAO	0.3387096774193548	0.12903225806451613	0.16532258064516128	0.10887096774193548	0.25806451612903225
tr|A0A109Q5D8|A0A109Q5D8_9FLAO	0.36893203883495146	0.10032362459546926	0.13268608414239483	0.13592233009708737	0.2621359223300971
tr|A0A109Q5H3|A0A109Q5H3_9FLAO	0.3715083798882682	0.09497206703910614	0.17597765363128492	0.12849162011173185	0.22905027932960895
tr|A0A109Q5K6|A0A109Q5K6_9FLAO	0.45323741007194246	0.08633093525179857	0.12949640287769784	0.1366906474820144	0.19424460431654678
tr|A0A109Q5L8|A0A109Q5L8_9FLAO	0.41784037558685444	0.0892018779342723	0.14084507042253522	0.09859154929577464	0.2535211267605634
tr|A0A109Q5L9|A0A109Q5L9_9FLAO	0.40332458442694663	0.08486439195100612	0.1268591426071741	0.13298337707786526	0.25196850393700787
tr|A0A109Q5N2|A0A109Q5N2_9FLAO	0.4306569343065693	0.072992700729927	0.12652068126520682	0.12408759124087591	0.24574209245742093
tr|A0A109Q5Q1|A0A109Q5Q1_9FLAO	0.46616541353383456	0.16165413533834586	0.10902255639097744	0.06015037593984962	0.20300751879699247
tr|A0A109Q5Q4|A0A109Q5Q4_9FLAO	0.40939597315436244	0.10514541387024609	0.12527964205816555	0.10738255033557047	0.25279642058165547
tr|A0A109Q5R5|A0A109Q5R5_9FLAO	0.3303964757709251	0.11233480176211454	0.15638766519823788	0.11013215859030837	0.2907488986784141
tr|A0A109Q5S2|A0A109Q5S2_9FLAO	0.45662100456621	0.0547945205479452	0.1461187214611872	0.1232876712328767	0.2191780821917808
tr|A0A109Q5X0|A0A109Q5X0_9FLAO	0.39892183288409705	0.07547169811320754	0.16442048517520216	0.13746630727762804	0.22371967654986524
tr|A0A109Q626|A0A109Q626_9FLAO	0.3626543209876543	0.10185185185185185	0.16203703703703703	0.15123456790123457	0.2222222222222222
tr|A0A109Q636|A0A109Q636_9FLAO	0.42828282828282827	0.08484848484848485	0.09898989898989899	0.10707070707070707	0.2808080808080808
tr|A0A109Q640|A0A109Q640_9FLAO	0.42934782608695654	0.07608695652173914	0.15760869565217392	0.11413043478260869	0.22282608695652173
tr|A0A109Q645|A0A109Q645_9FLAO	0.37236533957845436	0.09601873536299765	0.12177985948477751	0.11943793911007025	0.2903981264637002
tr|A0A109Q666|A0A109Q666_9FLAO	0.4375	0.0625	0.1388888888888889	0.13194444444444445	0.22916666666666666
tr|A0A109Q6B7|A0A109Q6B7_9FLAO	0.38181818181818183	0.08181818181818182	0.1393939393939394	0.16666666666666666	0.23030303030303031
tr|A0A109Q6E2|A0A109Q6E2_9FLAO	0.39858490566037735	0.08254716981132075	0.13679245283018868	0.14622641509433962	0.2358490566037736
tr|A0A109Q6F8|A0A109Q6F8_9FLAO	0.38421955403087477	0.09948542024013722	0.137221269296741	0.1457975986277873	0.2332761578044597
tr|A0A109Q6P7|A0A109Q6P7_9FLAO	0.29863013698630136	0.11232876712328767	0.19041095890410958	0.13493150684931507	0.2636986301369863
tr|A0A109Q6V6|A0A109Q6V6_9FLAO	0.36968576709796674	0.10536044362292052	0.12014787430683918	0.1423290203327172	0.26247689463955637
tr|A0A120HK17|A0A120HK17_9FLAO	0.47715736040609136	0.18781725888324874	0.09137055837563451	0.07106598984771574	0.17258883248730963
tr|A0A120HK18|A0A120HK18_9FLAO	0.36277056277056274	0.10995670995670996	0.12467532467532468	0.14632034632034632	0.25627705627705627
tr|A0A120HK20|A0A120HK20_9FLAO	0.4292682926829268	0.07317073170731707	0.14146341463414633	0.13495934959349593	0.22113821138211381
tr|A0A120HK23|A0A120HK23_9FLAO	0.37844036697247707	0.0963302752293578	0.13990825688073394	0.14220183486238533	0.24311926605504589
tr|A0A120HK25|A0A120HK25_9FLAO	0.5660377358490566	0.11320754716981132	0.05660377358490566	0.0660377358490566	0.19811320754716982
tr|A0A120HK28|A0A120HK28_9FLAO	0.3539325842696629	0.08426966292134831	0.1853932584269663	0.12359550561797752	0.25280898876404495
tr|A0A120HK42|A0A120HK42_9FLAO	0.3668903803131991	0.116331096196868	0.14988814317673377	0.1476510067114094	0.21923937360178972
tr|A0A120HK67|A0A120HK67_9FLAO	0.46096654275092935	0.05204460966542751	0.11524163568773234	0.12639405204460966	0.24535315985130113
tr|A0A120HK71|A0A120HK71_9FLAO	0.43722943722943725	0.06060606060606061	0.11471861471861472	0.13203463203463203	0.2554112554112554
tr|A0A120HK83|A0A120HK83_9FLAO	0.4	0.07887323943661972	0.1352112676056338	0.10985915492957747	0.27605633802816903
tr|A0A120HK93|A0A120HK93_9FLAO	0.38434163701067614	0.0800711743772242	0.1494661921708185	0.1583629893238434	0.2277580071174377
tr|A0A120HKD5|A0A120HKD5_9FLAO	0.4107981220657277	0.056338028169014086	0.15610328638497653	0.16314553990610328	0.2136150234741784
tr|A0A120HKE3|A0A120HKE3_9FLAO	0.3909313725490196	0.05024509803921569	0.1556372549019608	0.1568627450980392	0.24632352941176472
tr|A0A120HKE9|A0A120HKE9_9FLAO	0.4208955223880597	0.09253731343283582	0.10746268656716418	0.13134328358208955	0.24776119402985075
tr|A0A120HKN1|A0A120HKN1_9FLAO	0.38271604938271603	0.09465020576131687	0.14814814814814814	0.11934156378600823	0.2551440329218107
tr|A0A120HKP0|A0A120HKP0_9FLAO	0.3902439024390244	0.0975609756097561	0.13821138211382114	0.12195121951219512	0.25203252032520324
tr|A0A120HKP1|A0A120HKP1_9FLAO	0.45317220543806647	0.08459214501510574	0.11782477341389729	0.11782477341389729	0.22658610271903323
tr|A0A120HKR4|A0A120HKR4_9FLAO	0.3504587155963303	0.11009174311926606	0.13394495412844037	0.12293577981651377	0.28256880733944956
tr|A0A120HKR6|A0A120HKR6_9FLAO	0.42857142857142855	0.2032967032967033	0.12637362637362637	0.04945054945054945	0.19230769230769232
tr|A0A120HKR7|A0A120HKR7_9FLAO	0.33678756476683935	0.11917098445595854	0.13989637305699482	0.13471502590673576	0.2694300518134715
tr|A0A120HKR8|A0A120HKR8_9FLAO	0.375	0.09821428571428571	0.14285714285714285	0.125	0.25892857142857145
tr|A0A120HKT1|A0A120HKT1_9FLAO	0.4709897610921502	0.06484641638225255	0.10238907849829351	0.10921501706484642	0.2525597269624573
tr|A0A120HKT4|A0A120HKT4_9FLAO	0.3822784810126582	0.10126582278481013	0.1291139240506329	0.1291139240506329	0.2582278481012658
tr|A0A120HKT8|A0A120HKT8_9FLAO	0.48698884758364314	0.14869888475836432	0.09665427509293681	0.06691449814126393	0.20074349442379183
tr|A0A120HL28|A0A120HL28_9FLAO	0.3567567567567568	0.0945945945945946	0.13513513513513514	0.12162162162162163	0.2918918918918919
tr|A0A0X8BYU3|A0A0X8BYU3_9FLAO	0.3684210526315789	0.08552631578947369	0.16228070175438597	0.13596491228070176	0.24780701754385964
tr|A0A0X8BYU5|A0A0X8BYU5_9FLAO	0.3485915492957746	0.1056338028169014	0.09507042253521127	0.1056338028169014	0.34507042253521125
tr|A0A0X8BYU8|A0A0X8BYU8_9FLAO	0.34646374216651743	0.10026857654431513	0.1512981199641898	0.1414503133393017	0.26051924798567594
tr|A0A0X8BYV9|A0A0X8BYV9_9FLAO	0.3348694316436252	0.11213517665130568	0.10752688172043011	0.09062980030721966	0.3548387096774194
tr|A0A0X8BYW4|A0A0X8BYW4_9FLAO	0.4632768361581921	0.05084745762711865	0.12429378531073447	0.10734463276836158	0.2542372881355932
tr|A0A0X8BYX3|A0A0X8BYX3_9FLAO	0.3730886850152905	0.10703363914373089	0.15902140672782875	0.1345565749235474	0.22629969418960244
tr|A0A0X8BYY2|A0A0X8BYY2_9FLAO	0.46782178217821785	0.09900990099009901	0.12623762376237624	0.07920792079207921	0.22772277227722773
tr|A0A0X8BZ02|A0A0X8BZ02_9FLAO	0.3696060037523452	0.0952157598499062	0.10131332082551595	0.10741088180112571	0.32645403377110693
tr|A0A0X8BZ22|A0A0X8BZ22_9FLAO	0.3316062176165803	0.10880829015544041	0.18134715025906736	0.11398963730569948	0.26424870466321243
tr|A0A0X8BZ30|A0A0X8BZ30_9FLAO	0.36649214659685864	0.09947643979057591	0.18324607329842932	0.16753926701570682	0.18324607329842932
tr|A0A0X8BZ46|A0A0X8BZ46_9FLAO	0.3821656050955414	0.11464968152866242	0.16560509554140126	0.12101910828025478	0.21656050955414013
tr|A0A0X8BZ52|A0A0X8BZ52_9FLAO	0.4540229885057471	0.07279693486590039	0.1053639846743295	0.1111111111111111	0.2567049808429119
tr|A0A0X8BZ63|A0A0X8BZ63_9FLAO	0.4495192307692308	0.07451923076923077	0.11778846153846154	0.11057692307692307	0.24759615384615385
tr|A0A0X8BZ77|A0A0X8BZ77_9FLAO	0.40397350993377484	0.05518763796909492	0.1280353200883002	0.12582781456953643	0.2869757174392936
tr|A0A0X8BZ78|A0A0X8BZ78_9FLAO	0.4360587002096436	0.05450733752620545	0.1320754716981132	0.13626834381551362	0.24109014675052412
tr|A0A0X8BZB8|A0A0X8BZB8_9FLAO	0.36	0.09333333333333334	0.17333333333333334	0.12666666666666668	0.24666666666666667
tr|A0A0X8BZC2|A0A0X8BZC2_9FLAO	0.3583815028901734	0.12138728323699421	0.14450867052023122	0.15606936416184972	0.21965317919075145
tr|A0A0X8BZC3|A0A0X8BZC3_9FLAO	0.3302752293577982	0.11926605504587157	0.1559633027522936	0.10091743119266056	0.29357798165137616
tr|A0A0X8BZE9|A0A0X8BZE9_9FLAO	0.35343035343035345	0.10810810810810811	0.14553014553014554	0.1496881496881497	0.24324324324324326
tr|A0A0X8BZF0|A0A0X8BZF0_9FLAO	0.45180722891566266	0.08283132530120482	0.10993975903614457	0.09789156626506024	0.2575301204819277
tr|A0A0X8BZG0|A0A0X8BZG0_9FLAO	0.4029574861367837	0.11645101663585952	0.11275415896487985	0.10905730129390019	0.2587800369685767
tr|A0A0X8BZI3|A0A0X8BZI3_9FLAO	0.3850267379679144	0.0481283422459893	0.13903743315508021	0.1657754010695187	0.2620320855614973
tr|A0A0X8BZI8|A0A0X8BZI8_9FLAO	0.3728813559322034	0.0847457627118644	0.13771186440677965	0.1461864406779661	0.2584745762711864
tr|A0A0X8BZJ0|A0A0X8BZJ0_9FLAO	0.428125	0.0625	0.128125	0.165625	0.215625
tr|A0A0X8BZJ4|A0A0X8BZJ4_9FLAO	0.4105960264900662	0.046357615894039736	0.18543046357615894	0.0728476821192053	0.2847682119205298
tr|A0A0X8BZK3|A0A0X8BZK3_9FLAO	0.42857142857142855	0.051587301587301584	0.18253968253968253	0.1388888888888889	0.1984126984126984
tr|A0A0X8BZK4|A0A0X8BZK4_9FLAO	0.4035608308605341	0.08011869436201781	0.11869436201780416	0.12759643916913946	0.27002967359050445
tr|A0A0X8BZK9|A0A0X8BZK9_9FLAO	0.41580756013745707	0.07903780068728522	0.14432989690721648	0.12027491408934708	0.24054982817869416
tr|A0A0X8BZL3|A0A0X8BZL3_9FLAO	0.36341463414634145	0.13658536585365855	0.12439024390243902	0.09268292682926829	0.28292682926829266
tr|A0A0X8BZQ0|A0A0X8BZQ0_9FLAO	0.4090909090909091	0.06363636363636363	0.13636363636363635	0.11515151515151516	0.27575757575757576
tr|A0A0X8BZQ1|A0A0X8BZQ1_9FLAO	0.42116630669546434	0.07775377969762419	0.17494600431965443	0.1079913606911447	0.21814254859611232
tr|A0A0X8BZR1|A0A0X8BZR1_9FLAO	0.38613861386138615	0.0594059405940594	0.17326732673267325	0.15841584158415842	0.22277227722772278
tr|A0A0X8BZU6|A0A0X8BZU6_9FLAO	0.39759036144578314	0.012048192771084338	0.30120481927710846	0.060240963855421686	0.2289156626506024
tr|A0A0X8BZU7|A0A0X8BZU7_9FLAO	0.3582474226804124	0.10824742268041238	0.15335051546391754	0.12371134020618557	0.25644329896907214
tr|A0A0X8BZU9|A0A0X8BZU9_9FLAO	0.33707865168539325	0.07865168539325842	0.2696629213483146	0.11235955056179775	0.20224719101123595
tr|A0A0X8BZY3|A0A0X8BZY3_9FLAO	0.43157894736842106	0.056140350877192984	0.14035087719298245	0.11228070175438597	0.2596491228070175
tr|A0A0X8BZZ6|A0A0X8BZZ6_9FLAO	0.44097995545657015	0.10690423162583519	0.133630289532294	0.0957683741648107	0.22271714922049
tr|A0A0X8BZZ9|A0A0X8BZZ9_9FLAO	0.4420289855072464	0.07971014492753623	0.12560386473429952	0.12560386473429952	0.22705314009661837
tr|A0A0X8C012|A0A0X8C012_9FLAO	0.765625	0.015625	0.046875	0.046875	0.125
tr|A0A0X8C018|A0A0X8C018_9FLAO	0.37948717948717947	0.06153846153846154	0.1794871794871795	0.11282051282051282	0.26666666666666666
tr|A0A0X8C027|A0A0X8C027_9FLAO	0.4	0.056363636363636366	0.12363636363636364	0.15454545454545454	0.26545454545454544
tr|A0A0X8C031|A0A0X8C031_9FLAO	0.358600583090379	0.11661807580174927	0.14285714285714285	0.1282798833819242	0.2536443148688047
tr|A0A0X8C033|A0A0X8C033_9FLAO	0.3053435114503817	0.12213740458015267	0.22137404580152673	0.10687022900763359	0.24427480916030533
tr|A0A0X8C039|A0A0X8C039_9FLAO	0.3652173913043478	0.0927536231884058	0.17681159420289855	0.12753623188405797	0.23768115942028986
tr|A0A0X8C061|A0A0X8C061_9FLAO	0.42953020134228187	0.0894854586129754	0.11409395973154363	0.1185682326621924	0.2483221476510067
tr|A0A0X8C063|A0A0X8C063_9FLAO	0.37815126050420167	0.06442577030812324	0.15406162464985995	0.1792717086834734	0.22408963585434175
tr|A0A0X8C078|A0A0X8C078_9FLAO	0.3231083844580777	0.12065439672801637	0.15337423312883436	0.130879345603272	0.2719836400817996
tr|A0A0X8C083|A0A0X8C083_9FLAO	0.32595573440643866	0.12072434607645875	0.14688128772635814	0.11871227364185111	0.28772635814889336
tr|A0A0X8C091|A0A0X8C091_9FLAO	0.36699029126213595	0.10679611650485436	0.11844660194174757	0.13592233009708737	0.27184466019417475
tr|A0A0X8C0A2|A0A0X8C0A2_9FLAO	0.3988439306358382	0.057803468208092484	0.15028901734104047	0.09248554913294797	0.30057803468208094
tr|A0A0X8C0A3|A0A0X8C0A3_9FLAO	0.4230769230769231	0.05128205128205128	0.07692307692307693	0.24358974358974358	0.20512820512820512
tr|A0A0X8C0B2|A0A0X8C0B2_9FLAO	0.3333333333333333	0.10222222222222223	0.16	0.16	0.24444444444444444
tr|A0A0X8C0B5|A0A0X8C0B5_9FLAO	0.40559440559440557	0.04895104895104895	0.23076923076923078	0.1258741258741259	0.1888111888111888
tr|A0A0X8C0B8|A0A0X8C0B8_9FLAO	0.37410071942446044	0.10971223021582734	0.1510791366906475	0.15467625899280577	0.210431654676259
tr|A0A0X8C0D6|A0A0X8C0D6_9FLAO	0.3843537414965986	0.09523809523809523	0.14285714285714285	0.11224489795918367	0.2653061224489796
tr|A0A0X8C0E4|A0A0X8C0E4_9FLAO	0.412573673870334	0.08447937131630648	0.13163064833005894	0.13555992141453832	0.2357563850687623
tr|A0A0X8C0E6|A0A0X8C0E6_9FLAO	0.431924882629108	0.07981220657276995	0.11502347417840375	0.14553990610328638	0.22769953051643194
tr|A0A0X8C0E8|A0A0X8C0E8_9FLAO	0.3247863247863248	0.10256410256410256	0.1623931623931624	0.1452991452991453	0.26495726495726496
tr|A0A0X8C0F0|A0A0X8C0F0_9FLAO	0.5081967213114754	0.02459016393442623	0.14754098360655737	0.10655737704918032	0.21311475409836064
tr|A0A0X8C0F2|A0A0X8C0F2_9FLAO	0.41944444444444445	0.09166666666666666	0.11666666666666667	0.12222222222222222	0.25
tr|A0A0X8C0G2|A0A0X8C0G2_9FLAO	0.4043956043956044	0.0989010989010989	0.13846153846153847	0.12307692307692308	0.23516483516483516
tr|A0A0X8C0G3|A0A0X8C0G3_9FLAO	0.49586776859504134	0.15702479338842976	0.09917355371900827	0.08264462809917356	0.1652892561983471
tr|A0A0X8C0H1|A0A0X8C0H1_9FLAO	0.3886138613861386	0.07920792079207921	0.17326732673267325	0.13366336633663367	0.22524752475247525
tr|A0A0X8C0H3|A0A0X8C0H3_9FLAO	0.4227941176470588	0.0661764705882353	0.1323529411764706	0.1213235294117647	0.25735294117647056
tr|A0A0X8C0I0|A0A0X8C0I0_9FLAO	0.33537832310838445	0.07566462167689161	0.1411042944785276	0.1983640081799591	0.24948875255623723
tr|A0A0X8C0K5|A0A0X8C0K5_9FLAO	0.359375	0.103125	0.134375	0.14375	0.259375
tr|A0A0X8C0L1|A0A0X8C0L1_9FLAO	0.3983739837398374	0.08130081300813008	0.13008130081300814	0.16260162601626016	0.22764227642276422
tr|A0A0X8C0M7|A0A0X8C0M7_9FLAO	0.3995943204868154	0.08316430020283976	0.13793103448275862	0.1257606490872211	0.2535496957403651
tr|A0A0X8C0M9|A0A0X8C0M9_9FLAO	0.4254658385093168	0.15838509316770186	0.11180124223602485	0.07453416149068323	0.22981366459627328
tr|A0A0X8C0R5|A0A0X8C0R5_9FLAO	0.3667621776504298	0.10028653295128939	0.15472779369627507	0.1518624641833811	0.22636103151862463
tr|A0A0X8C0U3|A0A0X8C0U3_9FLAO	0.40632603406326034	0.12165450121654502	0.11192214111922141	0.1386861313868613	0.22141119221411193
tr|A0A0X8C0V6|A0A0X8C0V6_9FLAO	0.41818181818181815	0.07878787878787878	0.1	0.10303030303030303	0.3
tr|A0A0X8C0W0|A0A0X8C0W0_9FLAO	0.42857142857142855	0.08020050125313283	0.12781954887218044	0.12030075187969924	0.24310776942355888
tr|A0A0X8C0W2|A0A0X8C0W2_9FLAO	0.3495440729483283	0.0851063829787234	0.1641337386018237	0.11854103343465046	0.2826747720364742
tr|A0A0X8C0W5|A0A0X8C0W5_9FLAO	0.4289405684754522	0.08785529715762273	0.10852713178294573	0.10594315245478036	0.268733850129199
tr|A0A0X8C0X7|A0A0X8C0X7_9FLAO	0.3786407766990291	0.11165048543689321	0.14563106796116504	0.1407766990291262	0.22330097087378642
tr|A0A0X8C104|A0A0X8C104_9FLAO	0.4245614035087719	0.07368421052631578	0.12280701754385964	0.1368421052631579	0.24210526315789474
tr|A0A0X8C116|A0A0X8C116_9FLAO	0.44360902255639095	0.07894736842105263	0.12030075187969924	0.10150375939849623	0.2556390977443609
tr|A0A0X8C122|A0A0X8C122_9FLAO	0.36330935251798563	0.10431654676258993	0.11151079136690648	0.1510791366906475	0.2697841726618705
tr|A0A0X8C128|A0A0X8C128_9FLAO	0.3157894736842105	0.1286549707602339	0.17543859649122806	0.10526315789473684	0.27485380116959063
tr|A0A0X8C138|A0A0X8C138_9FLAO	0.4444444444444444	0.027777777777777776	0.1388888888888889	0.18518518518518517	0.2037037037037037
tr|A0A0X8C144|A0A0X8C144_9FLAO	0.4235294117647059	0.08823529411764706	0.15294117647058825	0.14705882352941177	0.18823529411764706
tr|A0A0X8C177|A0A0X8C177_9FLAO	0.327852998065764	0.11411992263056092	0.14893617021276595	0.14990328820116053	0.25918762088974856
tr|A0A0X8C179|A0A0X8C179_9FLAO	0.4581818181818182	0.06181818181818182	0.12	0.12727272727272726	0.23272727272727273
tr|A0A0X8C186|A0A0X8C186_9FLAO	0.319047619047619	0.14761904761904762	0.19047619047619047	0.10952380952380952	0.23333333333333334
tr|A0A0X8C190|A0A0X8C190_9FLAO	0.4258793969849246	0.08542713567839195	0.13819095477386933	0.12437185929648241	0.22613065326633167
tr|A0A0X8C191|A0A0X8C191_9FLAO	0.38443396226415094	0.05778301886792453	0.16273584905660377	0.1650943396226415	0.22995283018867924
tr|A0A0X8C198|A0A0X8C198_9FLAO	0.32504780114722753	0.12619502868068833	0.124282982791587	0.12237093690248566	0.30210325047801145
tr|A0A0X8C1B4|A0A0X8C1B4_9FLAO	0.42543859649122806	0.06359649122807018	0.15350877192982457	0.11403508771929824	0.24342105263157895
tr|A0A0X8C1C0|A0A0X8C1C0_9FLAO	0.3897058823529412	0.11029411764705882	0.11764705882352941	0.14705882352941177	0.23529411764705882
tr|A0A0X8C1C3|A0A0X8C1C3_9FLAO	0.37433155080213903	0.08342245989304813	0.15080213903743314	0.12727272727272726	0.2641711229946524
tr|A0A0X8C1E4|A0A0X8C1E4_9FLAO	0.45481927710843373	0.060240963855421686	0.13855421686746988	0.12048192771084337	0.22590361445783133
tr|A0A0X8C1E6|A0A0X8C1E6_9FLAO	0.37681159420289856	0.08695652173913043	0.15942028985507245	0.12318840579710146	0.2536231884057971
tr|A0A0X8C1E7|A0A0X8C1E7_9FLAO	0.40074441687344914	0.07320099255583126	0.13771712158808933	0.13399503722084366	0.2543424317617866
tr|A0A0X8C1E9|A0A0X8C1E9_9FLAO	0.4838709677419355	0.05806451612903226	0.08387096774193549	0.1	0.27419354838709675
tr|A0A0X8C1F9|A0A0X8C1F9_9FLAO	0.37823834196891193	0.10362694300518134	0.17098445595854922	0.17098445595854922	0.17616580310880828
tr|A0A0X8C1G0|A0A0X8C1G0_9FLAO	0.3904109589041096	0.09452054794520548	0.15616438356164383	0.1232876712328767	0.2356164383561644
tr|A0A0X8C1G7|A0A0X8C1G7_9FLAO	0.37859424920127793	0.12140575079872204	0.12939297124600638	0.10063897763578275	0.26996805111821087
tr|A0A0X8C1H4|A0A0X8C1H4_9FLAO	0.3882978723404255	0.07446808510638298	0.12234042553191489	0.13297872340425532	0.28191489361702127
tr|A0A0X8C1J3|A0A0X8C1J3_9FLAO	0.47706422018348627	0.06422018348623854	0.11467889908256881	0.13302752293577982	0.21100917431192662
tr|A0A0X8C1K0|A0A0X8C1K0_9FLAO	0.43354430379746833	0.07911392405063292	0.11392405063291139	0.12025316455696203	0.25316455696202533
tr|A0A0X8C1L1|A0A0X8C1L1_9FLAO	0.47039473684210525	0.14802631578947367	0.10526315789473684	0.05263157894736842	0.2236842105263158
tr|A0A0X8C1N1|A0A0X8C1N1_9FLAO	0.3781818181818182	0.10545454545454545	0.12	0.11272727272727273	0.28363636363636363
tr|A0A0X8C1N4|A0A0X8C1N4_9FLAO	0.365814696485623	0.08945686900958466	0.12779552715654952	0.13258785942492013	0.28434504792332266
tr|A0A0X8C1R4|A0A0X8C1R4_9FLAO	0.3711340206185567	0.08247422680412371	0.17525773195876287	0.15979381443298968	0.211340206185567
tr|A0A0X8C1R6|A0A0X8C1R6_9FLAO	0.4696048632218845	0.12462006079027356	0.11854103343465046	0.0790273556231003	0.20820668693009117
tr|A0A0X8C1R7|A0A0X8C1R7_9FLAO	0.3429423459244533	0.09840954274353876	0.16202783300198806	0.14512922465208747	0.2514910536779324
tr|A0A0X8C1S1|A0A0X8C1S1_9FLAO	0.3438914027149321	0.11764705882352941	0.1493212669683258	0.11764705882352941	0.27149321266968324
tr|A0A0X8C1S9|A0A0X8C1S9_9FLAO	0.35714285714285715	0.05555555555555555	0.1984126984126984	0.12698412698412698	0.2619047619047619
tr|A0A0X8C1U1|A0A0X8C1U1_9FLAO	0.26973684210526316	0.1118421052631579	0.13815789473684212	0.13157894736842105	0.34868421052631576
tr|A0A0X8C1V8|A0A0X8C1V8_9FLAO	0.41430073606729756	0.08412197686645637	0.13249211356466878	0.14195583596214512	0.22712933753943218
tr|A0A0X8C1X6|A0A0X8C1X6_9FLAO	0.34105960264900664	0.09602649006622517	0.17549668874172186	0.11258278145695365	0.27483443708609273
tr|A0A0X8C1Z3|A0A0X8C1Z3_9FLAO	0.41762452107279696	0.06513409961685823	0.11877394636015326	0.13026819923371646	0.2681992337164751
tr|A0A0X8C1Z7|A0A0X8C1Z7_9FLAO	0.38839285714285715	0.0625	0.16071428571428573	0.125	0.26339285714285715
tr|A0A0X8C200|A0A0X8C200_9FLAO	0.5371900826446281	0.024793388429752067	0.11570247933884298	0.18181818181818182	0.14049586776859505
tr|A0A0X8C201|A0A0X8C201_9FLAO	0.39448818897637794	0.07637795275590552	0.14803149606299212	0.15905511811023623	0.2220472440944882
tr|A0A0X8C206|A0A0X8C206_9FLAO	0.4262295081967213	0.07103825136612021	0.14754098360655737	0.13114754098360656	0.22404371584699453
tr|A0A0X8C210|A0A0X8C210_9FLAO	0.3915989159891599	0.11382113821138211	0.13550135501355012	0.09620596205962059	0.26287262872628725
tr|A0A0X8C227|A0A0X8C227_9FLAO	0.35798816568047337	0.09763313609467456	0.1390532544378698	0.17751479289940827	0.22781065088757396
tr|A0A0X8C233|A0A0X8C233_9FLAO	0.5514705882352942	0.08823529411764706	0.11029411764705882	0.10294117647058823	0.14705882352941177
tr|A0A0X8C237|A0A0X8C237_9FLAO	0.35467980295566504	0.10837438423645321	0.11822660098522167	0.11330049261083744	0.3054187192118227
tr|A0A0X8C244|A0A0X8C244_9FLAO	0.4157706093189964	0.1003584229390681	0.14336917562724014	0.12903225806451613	0.2114695340501792
tr|A0A0X8C263|A0A0X8C263_9FLAO	0.4625267665952891	0.055674518201284794	0.14132762312633834	0.12205567451820129	0.21841541755888652
tr|A0A0X8C265|A0A0X8C265_9FLAO	0.32147937411095306	0.1507823613086771	0.16216216216216217	0.12233285917496443	0.24324324324324326
tr|A0A0X8C2A6|A0A0X8C2A6_9FLAO	0.413265306122449	0.07653061224489796	0.11989795918367346	0.12755102040816327	0.2627551020408163
tr|A0A0X8C2B3|A0A0X8C2B3_9FLAO	0.359504132231405	0.11432506887052342	0.15564738292011018	0.1446280991735537	0.22589531680440772
tr|A0A0X8C2B6|A0A0X8C2B6_9FLAO	0.3926940639269406	0.0821917808219178	0.1506849315068493	0.1095890410958904	0.2648401826484018
tr|A0A0X8C2C2|A0A0X8C2C2_9FLAO	0.43506493506493504	0.05844155844155844	0.14285714285714285	0.11688311688311688	0.24675324675324675
tr|A0A0X8C2C7|A0A0X8C2C7_9FLAO	0.40591397849462363	0.07526881720430108	0.08870967741935484	0.12634408602150538	0.30376344086021506
tr|A0A0X8C2D6|A0A0X8C2D6_9FLAO	0.39808481532147744	0.08481532147742818	0.1491108071135431	0.16415868673050615	0.20383036935704515
tr|A0A0X8C2F5|A0A0X8C2F5_9FLAO	0.45794392523364486	0.04361370716510903	0.1308411214953271	0.11526479750778816	0.2523364485981308
tr|A0A0X8C2F8|A0A0X8C2F8_9FLAO	0.42417582417582417	0.08131868131868132	0.12967032967032968	0.12967032967032968	0.23516483516483516
tr|A0A0X8C2F9|A0A0X8C2F9_9FLAO	0.4056603773584906	0.059748427672955975	0.12264150943396226	0.1320754716981132	0.279874213836478
tr|A0A0X8C2H7|A0A0X8C2H7_9FLAO	0.4015748031496063	0.03937007874015748	0.2047244094488189	0.07874015748031496	0.2755905511811024
tr|A0A0X8C2I3|A0A0X8C2I3_9FLAO	0.5111607142857143	0.10714285714285714	0.08258928571428571	0.05357142857142857	0.24553571428571427
tr|A0A0X8C2I5|A0A0X8C2I5_9FLAO	0.4507042253521127	0.07042253521126761	0.18309859154929578	0.11267605633802817	0.18309859154929578
tr|A0A0X8C2I7|A0A0X8C2I7_9FLAO	0.4419889502762431	0.04419889502762431	0.16022099447513813	0.11049723756906077	0.2430939226519337
tr|A0A0X8C2J1|A0A0X8C2J1_9FLAO	0.3804347826086957	0.08695652173913043	0.22826086956521738	0.06521739130434782	0.2391304347826087
tr|A0A0X8C2J3|A0A0X8C2J3_9FLAO	0.40160642570281124	0.08634538152610442	0.1465863453815261	0.12048192771084337	0.24497991967871485
tr|A0A0X8C2J5|A0A0X8C2J5_9FLAO	0.3870967741935484	0.04838709677419355	0.25806451612903225	0.0967741935483871	0.20967741935483872
